-8.159506320953369141e-02
-3.196922242641448975e-01
2.312210202217102051e-02
-4.925950244069099426e-02
-9.487174451351165771e-02
-9.952641278505325317e-02
-9.596195816993713379e-02
-1.086457520723342896e-01
-8.014389872550964355e-02
-2.766695246100425720e-02
-5.043328180909156799e-02
-1.655365079641342163e-01
-1.364739984273910522e-01
-2.611443027853965759e-02
6.304876506328582764e-02
-8.647170662879943848e-02
-1.001266390085220337e-01
-5.090271309018135071e-02
-1.862292885780334473e-01
-1.355078667402267456e-01
-2.012860961258411407e-02
-1.616618633270263672e-01
-1.753030419349670410e-01
-8.493024110794067383e-02
-1.774456501007080078e-01
3.984483890235424042e-03
-2.212126553058624268e-01
-1.884641647338867188e-01
-6.311673671007156372e-02
-1.431708931922912598e-01
-7.081664353609085083e-02
-1.071321591734886169e-01
-6.572573632001876831e-02
-1.101984754204750061e-01
-9.837339632213115692e-03
-3.717924356460571289e-01
-2.783150374889373779e-01
-1.359388381242752075e-01
-1.077125072479248047e-01
-4.170697554945945740e-02
1.394915487617254257e-02
-2.122370712459087372e-02
-1.014593541622161865e-01
-4.062315076589584351e-02
-7.152727246284484863e-02
-8.073224127292633057e-02
-1.620035022497177124e-01
-3.052256405353546143e-01
-1.336617469787597656e-01
-6.667111534625291824e-03
-1.400057375431060791e-01
-1.839365810155868530e-01
-8.496342599391937256e-02
-7.781939953565597534e-02
3.198938071727752686e-02
-2.278873696923255920e-02
-1.226520985364913940e-01
-1.092902421951293945e-01
-2.052466273307800293e-01
-8.379757404327392578e-02
-7.241475582122802734e-02
-1.057275682687759399e-01
-2.401785850524902344e-01
-4.828273877501487732e-02
8.646365255117416382e-02
-2.235768735408782959e-01
-8.065303415060043335e-02
-1.948044747114181519e-01
-8.574087172746658325e-02
-1.122197061777114868e-01
-8.954250067472457886e-02
-9.592999517917633057e-02
-2.735051326453685760e-02
-3.193644806742668152e-02
-1.399463266134262085e-01
-1.005042120814323425e-01
-1.469015479087829590e-01
-1.532738208770751953e-01
-7.240748405456542969e-02
-1.574502885341644287e-01
-1.076647192239761353e-01
-7.505657523870468140e-02
-2.622687518596649170e-01
-1.140896975994110107e-01
-1.050147414207458496e-01
-1.055179908871650696e-01
-6.538978964090347290e-02
-1.570452302694320679e-01
-6.704511493444442749e-02
-1.804808676242828369e-01
-1.281770616769790649e-01
-2.165296524763107300e-01
-2.259144186973571777e-01
-1.180423870682716370e-01
-1.561348885297775269e-02
-1.473756432533264160e-01
-4.808266460895538330e-02
-1.516398787498474121e-01
-1.344261467456817627e-01
6.453098356723785400e-02
-8.952066302299499512e-02
-3.116182982921600342e-01
-2.817361615598201752e-02
-5.276524275541305542e-02
-6.691776961088180542e-02
-1.541896313428878784e-01
-7.685107644647359848e-03
-7.534097135066986084e-02
-3.732029348611831665e-02
-1.815159469842910767e-01
-1.420676112174987793e-01
-9.433361887931823730e-02
-1.556485295295715332e-01
-1.182553321123123169e-01
-1.578327268362045288e-01
-1.828233897686004639e-01
9.355062991380691528e-02
-2.617041170597076416e-01
-1.601574420928955078e-01
-2.307155132293701172e-01
-1.470836102962493896e-01
-1.161563992500305176e-01
-5.233405902981758118e-02
-1.449827700853347778e-01
4.549554735422134399e-02
-7.159332931041717529e-02
-9.232296049594879150e-02
-1.383313536643981934e-01
2.303920127451419830e-02
-4.600622504949569702e-02
-8.248694241046905518e-02
-6.147809326648712158e-03
-8.372202515602111816e-02
-2.252974957227706909e-01
-5.370667204260826111e-02
-8.089871704578399658e-02
-9.007620811462402344e-02
-2.058535963296890259e-01
-6.468547880649566650e-02
-8.226505666971206665e-02
-5.211552232503890991e-02
-1.317895948886871338e-01
-1.522046178579330444e-01
-1.027320027351379395e-01
-1.518138945102691650e-01
-7.613442838191986084e-02
-1.756855547428131104e-01
-4.719037190079689026e-02
1.110016275197267532e-02
-7.366018742322921753e-02
-2.015494741499423981e-02
-5.462646484375000000e-02
-4.305664077401161194e-02
-1.031073331832885742e-01
-2.746675312519073486e-01
-4.704172536730766296e-02
-1.309930682182312012e-01
-1.804929077625274658e-01
-4.116581380367279053e-02
-1.287118047475814819e-01
-1.129292249679565430e-01
-2.269846200942993164e-01
-6.224631890654563904e-02
-7.938774675130844116e-02
-8.513440936803817749e-02
2.443673554807901382e-03
-1.192006692290306091e-01
-1.423728018999099731e-01
-1.342454254627227783e-01
-3.891910612583160400e-02
-1.223501339554786682e-01
-8.899521827697753906e-02
-1.001912206411361694e-01
2.989326370880007744e-03
-1.914453655481338501e-01
-1.513815224170684814e-01
-1.764347702264785767e-01
3.149409964680671692e-02
-1.144435554742813110e-01
-7.713089883327484131e-02
-1.554872542619705200e-01
-5.543443188071250916e-02
-1.395541131496429443e-01
-2.248702943325042725e-01
-1.192347183823585510e-01
-1.980802565813064575e-01
-1.823578476905822754e-01
-2.887243330478668213e-01
-6.229219958186149597e-02
-6.727003306150436401e-02
-3.332553431391716003e-02
-1.421273648738861084e-01
-1.475287377834320068e-01
-9.528537094593048096e-02
-5.838030949234962463e-02
3.849336877465248108e-02
-1.412135660648345947e-01
-5.836211889982223511e-02
-1.137363091111183167e-01
-1.119786128401756287e-01
-1.335349082946777344e-01
-1.316963136196136475e-02
1.212446857243776321e-02
-1.058341413736343384e-01
-1.305380612611770630e-01
-8.224794268608093262e-02
-3.030908666551113129e-02
-1.246416494250297546e-01
-1.649491637945175171e-01
-7.183899730443954468e-02
-8.027859777212142944e-02
-1.580289155244827271e-01
-1.845901310443878174e-01
-1.507817208766937256e-01
-8.839930593967437744e-02
-3.405903989914804697e-04
-1.356848478317260742e-01
-1.437855511903762817e-01
-6.585937738418579102e-02
-1.468435075366869569e-04
-1.477447897195816040e-01
-7.060921192169189453e-02
-2.332744151353836060e-01
-1.326069384813308716e-01
-3.035311102867126465e-01
-8.574610203504562378e-02
-1.196354180574417114e-01
-1.996294260025024414e-01
8.096296340227127075e-02
-1.552909910678863525e-01
3.838871791958808899e-02
-9.545972943305969238e-02
-1.700645685195922852e-01
-9.950249642133712769e-02
-1.006348878145217896e-01
-1.346342861652374268e-01
-1.112361475825309753e-01
-1.096964627504348755e-01
-7.420372217893600464e-02
-1.386060267686843872e-01
-1.715193390846252441e-01
-7.326966524124145508e-02
-1.346888393163681030e-01
-3.691624850034713745e-02
-2.111572027206420898e-02
-1.483050584793090820e-01
-1.618822365999221802e-01
-1.549294292926788330e-01
-7.264121621847152710e-02
-1.165929585695266724e-01
-2.514278590679168701e-01
-1.431621462106704712e-01
-1.471379101276397705e-01
-1.189806610345840454e-01
-2.616630494594573975e-01
-2.026487290859222412e-01
-1.688685119152069092e-01
-1.693531423807144165e-01
-1.500337272882461548e-01
-1.445229351520538330e-01
5.165575072169303894e-02
-1.436617672443389893e-01
-1.426590234041213989e-01
-1.802267730236053467e-01
-3.556285053491592407e-02
-1.153610795736312866e-01
-5.394255369901657104e-02
-1.073256731033325195e-01
1.131071746349334717e-01
-5.936504155397415161e-02
-2.480695396661758423e-02
-9.754995256662368774e-02
-1.773834526538848877e-01
-2.436616644263267517e-02
-9.024502336978912354e-02
1.782187074422836304e-02
-1.356139630079269409e-01
-6.559372693300247192e-02
-1.611248254776000977e-01
-1.938122808933258057e-01
-1.406364291906356812e-01
-3.441927731037139893e-01
-1.103611290454864502e-01
-1.478181183338165283e-01
-1.611630618572235107e-01
-2.909539043903350830e-01
-1.248060837388038635e-01
-1.425845921039581299e-01
-6.269815564155578613e-02
-1.573102474212646484e-01
-2.255168557167053223e-01
-1.540320515632629395e-01
-2.761362679302692413e-02
-1.386328488588333130e-01
-1.797243356704711914e-01
-1.680037379264831543e-01
-1.402003169059753418e-01
-4.742285981774330139e-02
-9.084634482860565186e-02
-9.204828739166259766e-02
-1.390576511621475220e-01
-4.484728351235389709e-02
-2.553190290927886963e-01
-8.198097348213195801e-02
-1.441196501255035400e-01
-1.575150638818740845e-01
3.057792223989963531e-02
-1.028247103095054626e-01
-1.265995055437088013e-01
-1.702852696180343628e-01
-1.015920788049697876e-01
-1.141431629657745361e-01
-8.380133658647537231e-02
-1.640150547027587891e-01
-1.590974032878875732e-01
-5.304784327745437622e-02
-2.817769050598144531e-01
-1.260907351970672607e-01
-1.055064871907234192e-01
-1.521262228488922119e-01
-2.216632217168807983e-01
-1.011781692504882812e-01
-1.567576378583908081e-01
-3.011134564876556396e-01
-1.462097372859716415e-02
3.076305380091071129e-03
-1.088384538888931274e-01
-1.010653004050254822e-01
-1.509398072957992554e-01
-2.035093754529953003e-01
5.033208057284355164e-02
-1.251989454030990601e-01
-2.265445888042449951e-01
-1.341690123081207275e-01
-1.291925609111785889e-01
-6.941220164299011230e-02
-1.469590365886688232e-01
-2.583767473697662354e-01
-2.138180583715438843e-01
-5.557107925415039062e-02
-1.230131983757019043e-01
-9.137830138206481934e-02
-4.620844125747680664e-02
-2.044250518083572388e-01
2.825333550572395325e-02
-1.072034835815429688e-01
-1.515103280544281006e-01
-1.057889163494110107e-01
-1.220869123935699463e-01
-1.171150803565979004e-01
-1.721699684858322144e-01
9.057979285717010498e-02
-1.413024663925170898e-01
5.693593248724937439e-02
-5.039699375629425049e-02
-3.041591644287109375e-01
-7.057122886180877686e-02
-4.987313225865364075e-02
-1.014861464500427246e-01
-2.816816419363021851e-02
-4.518104344606399536e-02
-5.127696692943572998e-02
-1.786708831787109375e-01
3.644037619233131409e-02
-1.007414162158966064e-01
-1.629268229007720947e-01
-1.592904031276702881e-01
-1.708254814147949219e-01
1.973004080355167389e-02
-2.424251437187194824e-01
-1.984204053878784180e-01
-1.230983808636665344e-01
-2.534379363059997559e-01
-1.040736436843872070e-01
-1.688356548547744751e-01
-1.494085788726806641e-01
-1.344542354345321655e-01
-2.277155071496963501e-01
-2.974415570497512817e-02
-2.052359730005264282e-01
-1.331708729267120361e-01
-1.290861219167709351e-01
-3.487743437290191650e-02
2.196819148957729340e-02
-1.087330281734466553e-01
-1.468783020973205566e-01
-7.689677178859710693e-02
-1.189133152365684509e-01
-1.787793338298797607e-01
-4.199553653597831726e-02
-2.511418052017688751e-02
-1.108285486698150635e-01
-1.017108708620071411e-01
-8.473594486713409424e-02
3.057138761505484581e-03
-3.711897879838943481e-02
-9.047239273786544800e-02
-2.304945327341556549e-02
-2.441641688346862793e-01
-9.974432736635208130e-02
-2.339122593402862549e-01
-1.762264519929885864e-01
-1.803482621908187866e-01
-5.976762250065803528e-02
-1.397740244865417480e-01
-1.594269573688507080e-01
-6.410257518291473389e-02
-1.733240932226181030e-01
-1.317794024944305420e-01
-1.281617134809494019e-01
-1.064966693520545959e-01
-8.273176103830337524e-02
-1.866500675678253174e-01
-5.748267471790313721e-02
-1.252557486295700073e-01
-1.698742508888244629e-01
-8.693975955247879028e-02
-9.070361405611038208e-02
-2.294359356164932251e-01
-1.862463355064392090e-01
-2.283428013324737549e-01
-5.176911130547523499e-02
-1.606970876455307007e-01
-9.705780446529388428e-02
-1.848339736461639404e-01
-1.670776009559631348e-01
-1.432967185974121094e-01
-8.570140600204467773e-02
-1.818113327026367188e-01
-1.251076757907867432e-01
-8.284440636634826660e-02
-5.478094145655632019e-02
-1.484205573797225952e-01
-8.961114287376403809e-02
-1.212657466530799866e-01
-1.583381593227386475e-01
6.881522387266159058e-02
-1.036926135420799255e-01
-2.114565856754779816e-02
-9.956179559230804443e-02
-6.347911804914474487e-02
-1.660683304071426392e-01
-1.627047806978225708e-01
-6.266098469495773315e-02
-1.459604799747467041e-01
-6.953168660402297974e-02
-2.195806801319122314e-01
-1.316781938076019287e-01
1.112962514162063599e-02
-2.426548488438129425e-02
1.430807635188102722e-02
-1.657005250453948975e-01
-1.612878292798995972e-01
-1.396625638008117676e-01
-1.351950615644454956e-01
-1.073776632547378540e-01
-1.195885688066482544e-01
-2.925078570842742920e-02
-9.928078204393386841e-02
-2.562544345855712891e-01
-1.304374486207962036e-01
-1.678490787744522095e-01
-3.662247210741043091e-02
-4.717258363962173462e-02
-2.630758099257946014e-02
-1.902006268501281738e-01
-7.950235158205032349e-02
-1.610184609889984131e-01
-1.802535504102706909e-01
-1.043664142489433289e-01
-7.076089084148406982e-02
-8.489355444908142090e-02
-2.638377994298934937e-02
-1.123664528131484985e-01
-1.767168939113616943e-01
-1.604457497596740723e-01
-1.476630568504333496e-01
-1.064902544021606445e-01
-1.173322498798370361e-01
-2.376403659582138062e-01
-1.372224390506744385e-01
-1.710597127676010132e-01
-1.209146156907081604e-01
-1.439299732446670532e-01
-8.195621520280838013e-02
-3.352271020412445068e-02
-9.117279201745986938e-02
-1.285309344530105591e-01
-1.444096863269805908e-01
-5.545476451516151428e-02
-8.959841728210449219e-02
-1.225320398807525635e-01
-1.896209716796875000e-01
-5.538852140307426453e-02
-8.468661457300186157e-02
-1.416839510202407837e-01
-7.693278789520263672e-02
-1.264122724533081055e-01
-1.359107941389083862e-01
-1.420223116874694824e-01
-1.053812429308891296e-01
-1.267153024673461914e-01
-7.598783075809478760e-02
-7.359712570905685425e-02
-1.762251704931259155e-01
-1.955063194036483765e-01
-1.395179331302642822e-01
-1.431499272584915161e-01
-1.925912946462631226e-01
-1.494674831628799438e-01
-3.767871856689453125e-02
-1.842507570981979370e-01
-1.042396500706672668e-01
-1.160530745983123779e-01
-7.271789014339447021e-02
-2.566753625869750977e-01
-2.407366633415222168e-01
-2.180253863334655762e-01
-1.412957459688186646e-01
-8.165075629949569702e-02
-3.643618524074554443e-02
2.239769557490944862e-03
4.611644148826599121e-02
-1.365969777107238770e-01
-1.046532243490219116e-01
-1.340939402580261230e-01
-1.130730733275413513e-01
-6.689551472663879395e-02
-1.160870119929313660e-01
-2.316673994064331055e-01
-7.762982696294784546e-02
-9.693887829780578613e-02
-2.337067723274230957e-01
-1.839392632246017456e-01
-1.229771152138710022e-01
-1.687690019607543945e-01
-1.947698444128036499e-01
-7.309450954198837280e-02
-1.177624985575675964e-01
-8.328584581613540649e-02
-2.333609461784362793e-01
-9.128519147634506226e-02
-7.471198216080665588e-03
-1.375902593135833740e-01
-8.390446752309799194e-02
-1.690162867307662964e-01
-2.099266052246093750e-01
-9.330731630325317383e-02
-1.925483047962188721e-01
-1.532769501209259033e-01
-1.268050074577331543e-01
-1.289328932762145996e-01
-7.289208471775054932e-02
-8.522399514913558960e-02
-1.646809279918670654e-01
-8.655450493097305298e-02
-2.382225543260574341e-01
-1.928994208574295044e-01
-1.623523235321044922e-01
-1.861512213945388794e-01
-6.563243269920349121e-02
-2.193249166011810303e-01
-1.645155549049377441e-01
-6.627622991800308228e-02
-9.491243213415145874e-02
-8.378259837627410889e-02
-1.676466912031173706e-01
-1.158552169799804688e-01
-1.396607458591461182e-01
-1.219989880919456482e-01
-1.829338073730468750e-01
-2.326113581657409668e-01
3.202349692583084106e-02
-6.083741411566734314e-02
-3.984197042882442474e-03
-1.477673500776290894e-01
-2.466931939125061035e-01
-1.006850302219390869e-01
6.023486331105232239e-02
-1.645957678556442261e-01
-1.000429466366767883e-01
-1.143705546855926514e-01
-1.715922504663467407e-01
-1.302525848150253296e-01
-1.533340215682983398e-01
-1.432462930679321289e-01
-6.971707195043563843e-02
-6.082836911082267761e-02
-3.549436107277870178e-02
-1.217558383941650391e-01
-2.248602807521820068e-01
8.010160923004150391e-02
-3.213325142860412598e-01
-9.555129706859588623e-02
-1.409232914447784424e-01
-1.965564936399459839e-01
-1.731922924518585205e-01
5.107052624225616455e-02
-8.456309884786605835e-02
-1.394122689962387085e-01
-1.739299595355987549e-01
-1.901778131723403931e-01
-2.129994481801986694e-01
-1.430681645870208740e-01
-4.152595996856689453e-02
-1.275844871997833252e-01
-3.658316284418106079e-02
-3.456267341971397400e-02
-8.608780801296234131e-02
-1.018850207328796387e-01
-1.468608081340789795e-01
-2.021125704050064087e-02
-6.635321676731109619e-02
-3.068185746669769287e-01
-6.312838941812515259e-02
-1.232805252075195312e-01
-2.812495529651641846e-01
-6.972886621952056885e-02
-2.873784303665161133e-01
-1.885027885437011719e-01
-2.022817730903625488e-01
-1.056945025920867920e-01
-2.849830314517021179e-02
-1.036594957113265991e-01
-3.794729411602020264e-01
4.806265607476234436e-02
-1.046492457389831543e-01
3.599903360009193420e-02
-8.357945829629898071e-02
-7.902275025844573975e-02
-2.374781817197799683e-01
-2.970217168331146240e-01
-1.090530976653099060e-01
-5.283892154693603516e-02
-5.093220993876457214e-02
-6.651159375905990601e-02
-9.793391078710556030e-02
-1.093620285391807556e-01
-2.708468735218048096e-01
-3.747902065515518188e-02
-1.079294085502624512e-01
-1.218968257308006287e-01
-1.273232847452163696e-01
-2.222697287797927856e-01
-2.254411950707435608e-02
-2.712762653827667236e-01
-1.404774785041809082e-01
-5.684989690780639648e-02
-3.642470389604568481e-02
-1.414393037557601929e-01
-5.309442803263664246e-02
-1.338736414909362793e-01
-5.116831511259078979e-03
-2.079157680273056030e-01
-1.362549662590026855e-01
-1.627343297004699707e-01
-2.980368677526712418e-03
-1.940606385469436646e-01
-8.857615292072296143e-02
-1.954370588064193726e-01
-7.825449854135513306e-02
7.572820410132408142e-03
-1.461438834667205811e-01
-2.288833260536193848e-01
-1.024482697248458862e-01
-1.332809627056121826e-01
-6.015896424651145935e-02
-1.666716635227203369e-01
-1.524032205343246460e-01
-5.561760067939758301e-02
-1.504559814929962158e-01
-2.035812437534332275e-01
-1.215113103389739990e-01
-1.753424853086471558e-01
-1.821378171443939209e-01
-8.622916042804718018e-02
7.033840566873550415e-02
-2.250519990921020508e-01
-2.129290699958801270e-01
-2.673884034156799316e-01
-6.503354012966156006e-02
-1.518668830394744873e-01
-1.382043659687042236e-01
-3.122045099735260010e-02
-2.136214226484298706e-01
-6.436805427074432373e-02
-8.132120221853256226e-02
-1.439702510833740234e-01
-1.133714839816093445e-01
-1.777688115835189819e-01
-2.907134220004081726e-02
-9.813378006219863892e-02
-1.120294257998466492e-01
-8.493062108755111694e-02
-8.508232235908508301e-02
-6.022965908050537109e-02
-6.096408143639564514e-02
-5.264098569750785828e-02
-1.112297177314758301e-01
-1.404433548450469971e-01
-1.347083598375320435e-01
-1.934314668178558350e-01
-1.140210479497909546e-01
-2.567036747932434082e-01
-1.560533642768859863e-01
-1.186032667756080627e-01
-3.012124001979827881e-01
-1.639639735221862793e-01
-8.121849596500396729e-02
3.153337910771369934e-02
-2.549393177032470703e-01
-1.500567495822906494e-01
3.631810843944549561e-02
-6.887996196746826172e-02
-1.594065278768539429e-01
-3.930568322539329529e-02
-3.233898431062698364e-02
-1.818553060293197632e-01
-1.128956973552703857e-01
4.883134365081787109e-02
-2.085480140522122383e-03
-7.277038693428039551e-02
-1.660153865814208984e-01
-1.589824329130351543e-03
-2.256049215793609619e-01
-1.005030721426010132e-01
-1.353426873683929443e-01
-5.691226944327354431e-02
-2.049972563982009888e-01
-1.243934556841850281e-01
-1.486062109470367432e-01
-8.259388804435729980e-02
-1.939515322446823120e-01
-1.435183435678482056e-01
-1.398369222879409790e-01
-1.149058043956756592e-01
-2.193328291177749634e-01
-2.186051011085510254e-02
-6.797468662261962891e-02
-1.521972566843032837e-01
-3.262506565079092979e-03
-9.206171333789825439e-02
-2.387097477912902832e-02
-2.220847308635711670e-01
-1.107451245188713074e-01
-2.152556627988815308e-01
-1.374983135610818863e-02
-1.811991930007934570e-01
-1.506944298744201660e-01
-5.046739429235458374e-02
-7.311479747295379639e-02
-1.171024516224861145e-01
-1.898346841335296631e-01
-1.285598725080490112e-01
-2.004896402359008789e-01
-1.111859753727912903e-01
-4.791915789246559143e-02
-1.410134136676788330e-01
-1.316817253828048706e-01
-1.168862581253051758e-01
-1.432609409093856812e-01
-1.502309739589691162e-01
-7.107352465391159058e-02
-1.898836195468902588e-01
-2.394341528415679932e-01
-5.058958008885383606e-02
-7.758918404579162598e-02
-6.272402405738830566e-02
-7.939308136701583862e-02
1.370505988597869873e-02
-1.183981746435165405e-01
-1.672935336828231812e-01
-1.939305514097213745e-01
-7.515977323055267334e-02
-1.640156060457229614e-01
-5.955548584461212158e-02
-3.188158571720123291e-02
-1.391410231590270996e-01
-3.313909843564033508e-02
-8.009812980890274048e-02
-1.197986006736755371e-01
1.194117497652769089e-02
-2.712910473346710205e-01
-2.566332183778285980e-02
1.655793376266956329e-02
-1.908863335847854614e-02
-2.830060720443725586e-01
-7.266925275325775146e-02
-1.748710274696350098e-01
-9.315740317106246948e-02
-1.280658245086669922e-01
-2.668465077877044678e-01
-1.808395683765411377e-01
-8.552445471286773682e-02
-4.485385864973068237e-02
-1.432278007268905640e-01
1.956567540764808655e-02
-7.543460279703140259e-02
-1.022185161709785461e-01
-1.269053816795349121e-01
